20
29
12
15
11111111011111111111111111111
11111111000000000111111111111
11111111111111110111111111111
11111111111111110111111111111
11110000000000000000000011101
11110111111111101111111011101
11110111111111101000011011101
11000000000011101011111011101
11111111111011101011111011101
11111111111011101000000011101
10000000000011101111111111101
10101111111111101111111111101
10101100000000000000000000001
10101111111111111111111101111
10101111111111111111111101111
10101100000011111110000000001
10101101111111111110111111101
10001101111111111110111111101
11111100000000000000000000001
11111111111111111111111111111